timeMs,ax,ay,az,q0,q1,q2,q3
4067147,6467.0,5544.0,747.0,0.564,0.62,-0.095,0.536
4067163,6271.0,5708.0,1033.0,0.552,0.624,-0.097,0.545
4067179,6455.0,6128.0,969.0,0.54,0.628,-0.1,0.552
4067195,6547.0,5904.0,717.0,0.529,0.631,-0.102,0.558
4067211,6429.0,6236.0,1195.0,0.519,0.634,-0.106,0.564
4067227,6459.0,6152.0,1363.0,0.51,0.636,-0.111,0.568
4067253,6549.0,5774.0,1379.0,0.503,0.639,-0.116,0.57
4067269,6761.0,5906.0,1439.0,0.495,0.642,-0.121,0.572
4067285,6587.0,4044.0,1143.0,0.487,0.647,-0.127,0.573
4067301,6613.0,7700.0,583.0,0.482,0.649,-0.133,0.573
4067317,7273.0,5110.0,409.0,0.479,0.65,-0.141,0.573
4067333,7223.0,4552.0,873.0,0.475,0.651,-0.149,0.573
4067359,7375.0,5054.0,829.0,0.472,0.652,-0.157,0.572
4067375,7477.0,4968.0,441.0,0.469,0.652,-0.164,0.572
4067391,7693.0,5076.0,73.0,0.467,0.652,-0.172,0.572
4067407,7491.0,3852.0,309.0,0.464,0.652,-0.179,0.572
4067423,7357.0,3890.0,819.0,0.461,0.653,-0.186,0.572
4067449,7467.0,4234.0,1031.0,0.457,0.653,-0.191,0.573
4067465,7611.0,4390.0,1297.0,0.454,0.654,-0.196,0.573
4067481,7513.0,3952.0,1715.0,0.451,0.654,-0.201,0.573
4067497,7483.0,3938.0,1887.0,0.448,0.655,-0.206,0.573
4067513,7683.0,3516.0,1523.0,0.446,0.656,-0.21,0.572
4067529,8615.0,5464.0,3265.0,0.445,0.655,-0.212,0.572
4067545,8353.0,4966.0,2197.0,0.445,0.654,-0.216,0.572
4067571,8587.0,3180.0,1973.0,0.446,0.652,-0.22,0.572
4067587,8875.0,3624.0,2257.0,0.449,0.65,-0.223,0.571
4067603,8851.0,3984.0,2629.0,0.452,0.648,-0.225,0.57
4067619,8919.0,3552.0,3023.0,0.456,0.644,-0.227,0.571
4067635,8745.0,3028.0,3437.0,0.461,0.64,-0.227,0.572
4067651,9009.0,2756.0,3529.0,0.465,0.634,-0.225,0.575
4067677,9101.0,3318.0,4047.0,0.469,0.628,-0.223,0.58
4067693,9153.0,3394.0,5107.0,0.472,0.622,-0.218,0.585
4067709,9373.0,4002.0,5585.0,0.477,0.614,-0.213,0.591
4067725,9665.0,4438.0,6167.0,0.483,0.606,-0.207,0.597
4067741,9835.0,4794.0,6721.0,0.491,0.597,-0.201,0.602
4067767,9659.0,4106.0,6891.0,0.5,0.587,-0.193,0.606
4067783,9917.0,4644.0,6969.0,0.51,0.578,-0.184,0.61
4067799,10673.0,5272.0,6985.0,0.522,0.567,-0.175,0.613
4067815,10817.0,4272.0,6897.0,0.534,0.554,-0.164,0.617
4067831,11081.0,4982.0,6609.0,0.547,0.54,-0.152,0.621
4067847,11001.0,4922.0,6987.0,0.56,0.524,-0.138,0.627
4067874,11163.0,4282.0,6445.0,0.573,0.507,-0.124,0.632
4067890,10921.0,4834.0,6187.0,0.585,0.489,-0.106,0.638
4067906,10409.0,5142.0,6517.0,0.598,0.469,-0.089,0.644
4067922,10045.0,4732.0,6195.0,0.609,0.448,-0.072,0.65
4067938,10141.0,5000.0,5757.0,0.621,0.427,-0.054,0.655
4067954,9655.0,4976.0,5335.0,0.632,0.405,-0.037,0.66
4067970,8835.0,4602.0,5509.0,0.643,0.382,-0.02,0.664
4067996,8255.0,4748.0,5207.0,0.653,0.359,-0.003,0.667
4068012,8039.0,4632.0,4453.0,0.663,0.337,0.013,0.669
4068028,7321.0,4692.0,4631.0,0.671,0.313,0.029,0.671
4068044,6459.0,4386.0,4597.0,0.679,0.29,0.045,0.673
4068060,5753.0,4196.0,4507.0,0.686,0.268,0.06,0.674
4068086,5341.0,4138.0,4385.0,0.692,0.247,0.074,0.675
4068102,4391.0,3922.0,4293.0,0.698,0.226,0.088,0.674
4068118,3909.0,3922.0,4193.0,0.703,0.205,0.101,0.673
4068134,3129.0,3732.0,4093.0,0.709,0.185,0.113,0.672
4068150,2629.0,3416.0,4047.0,0.714,0.167,0.123,0.669
4068166,2307.0,3366.0,3585.0,0.719,0.15,0.132,0.666
4068182,1825.0,3478.0,2979.0,0.724,0.132,0.141,0.662
4068208,1601.0,4054.0,2473.0,0.729,0.114,0.148,0.658
4068224,1675.0,3616.0,1777.0,0.734,0.094,0.155,0.655
4068240,2019.0,3662.0,2069.0,0.737,0.072,0.162,0.652
4068256,533.0,4278.0,1109.0,0.74,0.048,0.169,0.65
4068272,1807.0,4544.0,1635.0,0.741,0.02,0.175,0.648
4068298,2677.0,2970.0,3927.0,0.745,-0.006,0.194,0.638
4068314,-8527.0,10742.0,2595.0,0.756,-0.019,0.217,0.618
4068330,-4713.0,-9490.0,-3521.0,0.75,-0.06,0.198,0.629
4068346,-3535.0,-11212.0,-3987.0,0.746,-0.071,0.198,0.631
4068362,-6911.0,-2814.0,-2709.0,0.751,-0.063,0.206,0.624
4068378,-1995.0,-4446.0,-537.0,0.755,-0.05,0.213,0.618
4068394,-31.0,3396.0,4007.0,0.762,-0.031,0.225,0.606
4068420,-2889.0,11528.0,1661.0,0.763,-0.022,0.226,0.605
4068436,-2351.0,3188.0,587.0,0.76,-0.024,0.218,0.612
4068452,-3391.0,-4112.0,85.0,0.757,-0.022,0.211,0.618
4068468,-2953.0,-1830.0,1401.0,0.755,-0.01,0.207,0.622
4068484,-2989.0,2548.0,2435.0,0.754,0.004,0.201,0.626
4068510,-1791.0,3286.0,2667.0,0.752,0.019,0.189,0.632
4068526,-857.0,1494.0,3073.0,0.749,0.033,0.175,0.638
4068542,-91.0,1286.0,3255.0,0.746,0.05,0.16,0.644
4068558,1079.0,582.0,3477.0,0.742,0.07,0.146,0.65
4068574,1905.0,826.0,3765.0,0.738,0.094,0.135,0.654
4068590,2947.0,3334.0,4385.0,0.733,0.119,0.125,0.658
4068616,3063.0,3268.0,5001.0,0.727,0.144,0.116,0.661
4068632,3385.0,3572.0,5451.0,0.721,0.171,0.106,0.663
4068648,3779.0,4562.0,6249.0,0.715,0.198,0.095,0.664
4068664,4627.0,4012.0,5817.0,0.708,0.226,0.084,0.664
4068680,4897.0,4500.0,5145.0,0.701,0.254,0.073,0.663
4068696,5413.0,4822.0,5801.0,0.693,0.28,0.063,0.661
4068722,4749.0,5242.0,5807.0,0.686,0.306,0.052,0.658
4068738,5909.0,5150.0,5349.0,0.679,0.331,0.042,0.654
4068754,6397.0,6420.0,5827.0,0.671,0.356,0.032,0.65
4068770,6973.0,6024.0,5533.0,0.663,0.379,0.023,0.646
4068786,7275.0,5866.0,4757.0,0.653,0.401,0.015,0.642
4068802,6897.0,7582.0,6373.0,0.642,0.423,0.007,0.639
4068828,6511.0,7116.0,7061.0,0.634,0.443,-0.004,0.634
4068845,7643.0,5878.0,5889.0,0.625,0.462,-0.015,0.629
4068861,7993.0,5120.0,5057.0,0.615,0.481,-0.024,0.624
4068877,8045.0,6346.0,6401.0,0.604,0.501,-0.032,0.619
4068893,8379.0,6208.0,5723.0,0.594,0.519,-0.041,0.613
4068909,9113.0,5178.0,4321.0,0.583,0.537,-0.048,0.608
4068935,9203.0,6156.0,4319.0,0.57,0.555,-0.054,0.603
4068951,8863.0,7226.0,5517.0,0.558,0.571,-0.06,0.599
4068967,8531.0,6902.0,5097.0,0.548,0.586,-0.068,0.593
4068983,8757.0,5504.0,4047.0,0.539,0.599,-0.076,0.587
4068999,8795.0,5676.0,3505.0,0.528,0.611,-0.081,0.583
4069015,8413.0,6718.0,4451.0,0.517,0.622,-0.086,0.581
4069041,8249.0,6716.0,4477.0,0.508,0.631,-0.091,0.578
4069057,8247.0,6224.0,4147.0,0.501,0.639,-0.098,0.575
4069073,7925.0,6070.0,4457.0,0.494,0.646,-0.105,0.573
4069089,7507.0,6076.0,5013.0,0.488,0.652,-0.112,0.569
4069105,7803.0,5678.0,4831.0,0.484,0.657,-0.12,0.565
4069121,7883.0,5630.0,4949.0,0.48,0.662,-0.128,0.561
4069147,8241.0,5540.0,4767.0,0.478,0.666,-0.135,0.557
4069163,8709.0,5716.0,4751.0,0.477,0.668,-0.141,0.553
4069179,8755.0,5900.0,5115.0,0.477,0.669,-0.147,0.551
4069196,9015.0,5826.0,5201.0,0.479,0.668,-0.151,0.55
4069212,9029.0,5838.0,5455.0,0.481,0.665,-0.153,0.55
4069228,8933.0,6050.0,5969.0,0.485,0.66,-0.155,0.552
4069245,8873.0,5960.0,6473.0,0.49,0.654,-0.155,0.555
4069271,9127.0,5784.0,6521.0,0.497,0.645,-0.155,0.559
4069287,9175.0,5658.0,6891.0,0.505,0.635,-0.153,0.564
4069303,9423.0,6030.0,7349.0,0.514,0.623,-0.149,0.57
4069319,9655.0,6092.0,7717.0,0.523,0.611,-0.145,0.577
4069335,10135.0,6118.0,7693.0,0.533,0.596,-0.139,0.584
4069351,11029.0,5746.0,7729.0,0.543,0.581,-0.132,0.592
4069377,10855.0,5838.0,7491.0,0.553,0.564,-0.123,0.601
4069393,11507.0,6370.0,7141.0,0.564,0.545,-0.112,0.61
4069409,11457.0,6374.0,7159.0,0.576,0.525,-0.101,0.619
4069425,11135.0,6272.0,6983.0,0.588,0.503,-0.088,0.627
4069441,11011.0,5606.0,6421.0,0.601,0.481,-0.075,0.634
4069457,10529.0,5626.0,6305.0,0.613,0.458,-0.061,0.641
4069483,10137.0,5712.0,5757.0,0.625,0.435,-0.047,0.647
4069499,9833.0,5906.0,5351.0,0.637,0.411,-0.032,0.651
4069515,9617.0,5796.0,4735.0,0.649,0.386,-0.018,0.656
4069531,9255.0,5418.0,4011.0,0.66,0.36,-0.003,0.659
4069547,8647.0,5412.0,3859.0,0.67,0.333,0.012,0.663
4069573,7749.0,4838.0,3581.0,0.68,0.305,0.026,0.666
4069589,6783.0,4786.0,3971.0,0.689,0.277,0.04,0.669
4069605,5879.0,3762.0,3961.0,0.697,0.25,0.052,0.67
4069621,5229.0,3086.0,3935.0,0.705,0.223,0.064,0.67
4069637,4537.0,3310.0,4209.0,0.712,0.198,0.076,0.67
4069653,3481.0,3326.0,4399.0,0.718,0.174,0.086,0.668
4069679,3105.0,3152.0,3975.0,0.723,0.152,0.095,0.667
4069695,2791.0,2872.0,3543.0,0.728,0.131,0.105,0.665
4069711,2409.0,3346.0,3299.0,0.731,0.111,0.114,0.663
4069727,1887.0,3060.0,3219.0,0.735,0.091,0.122,0.661
4069743,1209.0,2974.0,3723.0,0.738,0.071,0.129,0.658
4069759,835.0,2344.0,2885.0,0.741,0.051,0.135,0.655
4069785,315.0,1812.0,2607.0,0.745,0.032,0.14,0.652
4069801,-13.0,1500.0,2257.0,0.747,0.014,0.146,0.648
4069817,-595.0,1302.0,2057.0,0.75,-0.003,0.152,0.644
4069833,-1267.0,996.0,1761.0,0.752,-0.018,0.158,0.64
4069849,-1773.0,286.0,1197.0,0.754,-0.032,0.164,0.636
4069865,-2233.0,-242.0,505.0,0.756,-0.044,0.17,0.631
4069881,-2167.0,-966.0,-201.0,0.757,-0.053,0.176,0.627
4069907,-3377.0,-1790.0,-615.0,0.759,-0.058,0.185,0.622
4069923,-4047.0,-1104.0,457.0,0.761,-0.056,0.193,0.616
4069939,-3909.0,1492.0,1339.0,0.764,-0.051,0.2,0.611
4069955,-3213.0,2710.0,1483.0,0.766,-0.046,0.203,0.608
4069971,-3447.0,1802.0,993.0,0.767,-0.042,0.201,0.608
4069997,-3671.0,546.0,963.0,0.766,-0.037,0.196,0.611
4070013,-3895.0,142.0,1411.0,0.766,-0.029,0.188,0.614
4070029,-3077.0,1034.0,2199.0,0.765,-0.019,0.178,0.618
4070045,-2123.0,1618.0,2689.0,0.764,-0.008,0.165,0.623
4070061,-1209.0,1582.0,2817.0,0.763,0.003,0.15,0.629
4070077,-497.0,1230.0,3967.0,0.76,0.016,0.135,0.635
4070103,-93.0,764.0,4021.0,0.756,0.031,0.118,0.643
4070119,599.0,-2042.0,2419.0,0.752,0.05,0.104,0.649
4070135,2703.0,500.0,2971.0,0.748,0.074,0.095,0.653
4070151,3911.0,3208.0,4557.0,0.744,0.098,0.089,0.655
4070167,3367.0,3484.0,4973.0,0.739,0.121,0.082,0.658
4070183,3457.0,2686.0,5389.0,0.733,0.144,0.076,0.66
4070209,3531.0,3544.0,5741.0,0.728,0.17,0.07,0.661
4070225,3431.0,3706.0,5543.0,0.723,0.196,0.064,0.66
4070241,4185.0,4268.0,5305.0,0.717,0.223,0.057,0.658
4070257,4465.0,4658.0,5517.0,0.71,0.249,0.05,0.656
4070273,4707.0,4562.0,5581.0,0.703,0.276,0.042,0.654
4070299,5275.0,4868.0,5143.0,0.695,0.303,0.034,0.651
4070315,5923.0,5530.0,5425.0,0.686,0.329,0.026,0.648
4070331,5491.0,5936.0,6251.0,0.677,0.354,0.017,0.645
4070347,4523.0,5842.0,6849.0,0.67,0.378,0.005,0.639
4070363,5023.0,5720.0,6687.0,0.663,0.401,-0.009,0.632
4070379,6691.0,4840.0,4887.0,0.657,0.424,-0.023,0.623
4070395,8251.0,5862.0,5033.0,0.647,0.447,-0.035,0.617
4070421,8479.0,6496.0,6067.0,0.637,0.468,-0.046,0.611
4070437,9151.0,6160.0,5411.0,0.626,0.486,-0.057,0.606
4070453,9505.0,6702.0,5105.0,0.616,0.503,-0.067,0.603
4070469,9435.0,6508.0,5323.0,0.605,0.518,-0.077,0.6
4070485,8989.0,6848.0,6281.0,0.596,0.53,-0.088,0.597
4070501,9137.0,6020.0,5591.0,0.588,0.541,-0.1,0.593
4070527,9379.0,5088.0,4435.0,0.58,0.552,-0.112,0.589
4070543,9795.0,4870.0,3611.0,0.571,0.562,-0.121,0.586
4070559,9571.0,5644.0,4723.0,0.562,0.572,-0.129,0.584
4070575,8985.0,5774.0,5057.0,0.555,0.58,-0.138,0.581
4070591,9105.0,5156.0,4575.0,0.548,0.588,-0.148,0.577
4070607,8451.0,4728.0,4711.0,0.542,0.595,-0.158,0.572
4070633,8535.0,4396.0,4681.0,0.537,0.602,-0.168,0.567
4070649,8359.0,4334.0,4935.0,0.531,0.609,-0.178,0.562
4070665,8549.0,4186.0,5065.0,0.526,0.616,-0.186,0.556
4070681,8689.0,4276.0,4933.0,0.52,0.623,-0.194,0.55
4070697,8885.0,4492.0,4997.0,0.516,0.63,-0.202,0.545
4070713,9001.0,4506.0,5263.0,0.512,0.635,-0.208,0.54
4070739,9147.0,4836.0,5533.0,0.509,0.64,-0.214,0.535
4070755,9317.0,5024.0,5663.0,0.507,0.643,-0.219,0.53
4070771,9437.0,4882.0,5427.0,0.507,0.644,-0.224,0.527
4070787,9489.0,4892.0,5505.0,0.508,0.645,-0.227,0.525
4070803,9589.0,4746.0,5285.0,0.51,0.643,-0.228,0.524
4070819,9643.0,4758.0,5329.0,0.514,0.64,-0.228,0.524
4070845,9361.0,4830.0,5503.0,0.519,0.634,-0.227,0.526
4070861,9317.0,4766.0,5905.0,0.526,0.628,-0.225,0.528
4070877,9417.0,4662.0,5837.0,0.533,0.621,-0.222,0.531
4070893,9617.0,4730.0,5925.0,0.541,0.612,-0.218,0.534
4070909,9883.0,5024.0,6195.0,0.55,0.603,-0.213,0.538
4070935,10067.0,5010.0,6271.0,0.56,0.592,-0.207,0.542
4070951,10389.0,5148.0,6473.0,0.571,0.579,-0.201,0.546
4070967,10599.0,4882.0,6283.0,0.583,0.565,-0.194,0.551
4070983,11037.0,5468.0,6447.0,0.595,0.55,-0.186,0.556
4070999,10919.0,5164.0,6549.0,0.608,0.533,-0.176,0.562
4071015,11273.0,6022.0,6581.0,0.62,0.515,-0.165,0.568
4071041,11529.0,5734.0,6259.0,0.633,0.496,-0.154,0.574
4071057,12263.0,5792.0,6119.0,0.648,0.474,-0.143,0.579
4071073,12059.0,4554.0,5705.0,0.665,0.45,-0.129,0.582
4071089,11463.0,4658.0,5607.0,0.682,0.426,-0.114,0.583
4071105,9939.0,4350.0,5347.0,0.699,0.401,-0.097,0.584
4071121,8567.0,4708.0,5443.0,0.715,0.377,-0.08,0.584
4071147,7689.0,4630.0,4937.0,0.728,0.353,-0.063,0.584
4071163,6699.0,4434.0,4605.0,0.741,0.33,-0.046,0.583
4071179,5587.0,4752.0,4575.0,0.751,0.307,-0.03,0.583
4071195,4913.0,4920.0,4249.0,0.761,0.284,-0.016,0.583
4071211,4215.0,4686.0,4177.0,0.769,0.261,-0.002,0.584
4071227,3529.0,4492.0,4231.0,0.776,0.237,0.011,0.585
4071253,3039.0,4380.0,3993.0,0.782,0.213,0.023,0.586
4071269,2419.0,4022.0,4415.0,0.786,0.189,0.035,0.587
4071285,1829.0,3544.0,4375.0,0.79,0.165,0.044,0.589
4071301,1581.0,3026.0,4275.0,0.792,0.142,0.052,0.591
4071317,1505.0,2882.0,3953.0,0.794,0.121,0.06,0.593
4071333,1541.0,2728.0,3445.0,0.794,0.1,0.068,0.595
4071359,1631.0,2502.0,3503.0,0.794,0.08,0.075,0.598
4071375,781.0,2472.0,3513.0,0.794,0.06,0.081,0.6
4071391,401.0,1906.0,3101.0,0.793,0.039,0.087,0.602
4071407,39.0,1634.0,2133.0,0.793,0.02,0.093,0.602
4071423,809.0,1716.0,2043.0,0.793,0.003,0.099,0.601
4071439,787.0,1694.0,1959.0,0.793,-0.013,0.105,0.6
4071465,-1017.0,666.0,1179.0,0.792,-0.028,0.112,0.599
4071481,-1527.0,-500.0,335.0,0.793,-0.04,0.119,0.597
4071497,-2075.0,-1066.0,-267.0,0.793,-0.047,0.128,0.593
4071513,-1979.0,-1416.0,-467.0,0.794,-0.05,0.137,0.59
4071529,-2171.0,-360.0,-607.0,0.796,-0.048,0.147,0.586
4071555,-2993.0,474.0,307.0,0.797,-0.043,0.157,0.581
4071571,-2687.0,2234.0,1581.0,0.799,-0.037,0.164,0.577
4071587,-3877.0,2922.0,1503.0,0.8,-0.031,0.167,0.575
4071603,-3603.0,2074.0,1477.0,0.801,-0.027,0.163,0.575
4071619,-2883.0,882.0,1045.0,0.802,-0.02,0.155,0.577
4071635,-2525.0,516.0,1077.0,0.803,-0.012,0.145,0.579
4071652,-1439.0,1340.0,1563.0,0.803,-0.003,0.133,0.581
4071678,-1209.0,1142.0,2841.0,0.803,0.009,0.119,0.584
4071694,-305.0,1072.0,3147.0,0.802,0.024,0.101,0.588
4071710,-71.0,2196.0,3861.0,0.801,0.043,0.082,0.591
4071726,1245.0,3144.0,4643.0,0.8,0.058,0.061,0.595
4071742,3507.0,-2308.0,4737.0,0.797,0.075,0.039,0.598
4071768,3641.0,-4342.0,2519.0,0.794,0.104,0.025,0.598
4071784,5857.0,4486.0,4719.0,0.791,0.139,0.016,0.596
4071800,5965.0,4880.0,5545.0,0.786,0.167,0.006,0.595
4071816,5053.0,2714.0,5267.0,0.78,0.196,-0.004,0.594
4071832,5287.0,3634.0,5357.0,0.773,0.227,-0.012,0.592
4071848,5599.0,4634.0,6055.0,0.765,0.258,-0.021,0.589
4071874,6139.0,4636.0,5643.0,0.757,0.288,-0.03,0.586
4071890,6007.0,5096.0,6147.0,0.748,0.317,-0.039,0.582
4071906,6321.0,5728.0,6813.0,0.738,0.344,-0.049,0.578
4071922,5957.0,5504.0,7417.0,0.728,0.37,-0.061,0.573
4071938,6839.0,4876.0,5833.0,0.718,0.396,-0.073,0.568
4071954,7933.0,5436.0,4705.0,0.705,0.42,-0.082,0.565
4071980,8625.0,5616.0,4715.0,0.691,0.442,-0.087,0.565
4071996,8169.0,6306.0,5693.0,0.676,0.462,-0.092,0.567
4072012,8459.0,7024.0,5851.0,0.661,0.479,-0.097,0.569
4072028,8727.0,6978.0,5311.0,0.646,0.495,-0.104,0.572
4072044,9213.0,6290.0,4659.0,0.631,0.508,-0.111,0.575
4072060,9353.0,6878.0,5339.0,0.618,0.52,-0.119,0.577
4072076,8843.0,6360.0,6027.0,0.608,0.531,-0.128,0.577
4072102,8469.0,5886.0,6571.0,0.599,0.542,-0.139,0.573
4072118,8877.0,5340.0,5953.0,0.591,0.555,-0.152,0.566
4072134,9115.0,4842.0,5145.0,0.583,0.568,-0.164,0.558
4072150,9305.0,4614.0,4727.0,0.575,0.581,-0.176,0.549
4072167,9139.0,5350.0,4915.0,0.566,0.594,-0.186,0.541
4072193,9105.0,5712.0,5393.0,0.558,0.605,-0.196,0.532
4072209,8987.0,5748.0,5541.0,0.552,0.615,-0.207,0.523
4072225,8931.0,5118.0,5603.0,0.547,0.623,-0.219,0.515
4072241,9067.0,4578.0,5297.0,0.542,0.63,-0.229,0.507
4072257,9191.0,4384.0,5805.0,0.537,0.636,-0.237,0.501
4072273,9191.0,4686.0,6167.0,0.533,0.64,-0.245,0.496
4072289,9193.0,4144.0,6367.0,0.529,0.643,-0.251,0.493
4072315,9479.0,4278.0,6497.0,0.526,0.645,-0.256,0.492
4072331,9917.0,4418.0,6327.0,0.524,0.644,-0.26,0.493
4072347,10453.0,4550.0,5955.0,0.522,0.642,-0.261,0.497
4072363,10423.0,5194.0,5921.0,0.522,0.639,-0.261,0.502
4072379,10149.0,5658.0,6179.0,0.524,0.633,-0.259,0.508
4072395,9865.0,5534.0,6413.0,0.528,0.624,-0.257,0.515
4072421,9865.0,5248.0,6569.0,0.535,0.615,-0.253,0.521
4072437,10337.0,5292.0,6497.0,0.543,0.604,-0.248,0.528
4072453,10257.0,5110.0,6467.0,0.552,0.592,-0.242,0.535
4072469,10671.0,5390.0,6449.0,0.562,0.579,-0.235,0.542
4072485,11015.0,6538.0,6115.0,0.574,0.564,-0.227,0.549
4072511,10929.0,5020.0,5975.0,0.587,0.548,-0.219,0.555
4072527,11039.0,5652.0,6213.0,0.601,0.53,-0.208,0.561
4072543,10695.0,5908.0,6741.0,0.616,0.511,-0.198,0.566
4072559,10599.0,5844.0,6907.0,0.631,0.49,-0.188,0.571
4072575,10887.0,5616.0,6357.0,0.647,0.47,-0.179,0.574
4072591,11529.0,5444.0,5749.0,0.662,0.448,-0.168,0.577
4072607,11095.0,5386.0,5853.0,0.676,0.425,-0.155,0.582
4072633,10273.0,5732.0,5935.0,0.69,0.401,-0.142,0.585
4072649,8965.0,5898.0,6617.0,0.705,0.376,-0.129,0.588
4072665,8443.0,5310.0,6295.0,0.719,0.35,-0.118,0.589
4072681,8791.0,4848.0,5525.0,0.732,0.326,-0.107,0.588
4072697,8827.0,4754.0,5199.0,0.745,0.301,-0.095,0.588
4072723,8271.0,4210.0,4673.0,0.756,0.276,-0.083,0.588
4072739,8017.0,4084.0,4077.0,0.766,0.251,-0.07,0.588
4072755,6931.0,3928.0,3703.0,0.775,0.227,-0.056,0.588
4072771,5991.0,3656.0,3757.0,0.783,0.203,-0.042,0.587
4072787,4955.0,3196.0,3765.0,0.791,0.178,-0.029,0.585
4072803,4405.0,3014.0,3653.0,0.797,0.154,-0.016,0.583
4072829,3915.0,2654.0,3369.0,0.803,0.132,-0.005,0.582
4072845,3095.0,2334.0,3421.0,0.808,0.11,0.006,0.579
4072861,2571.0,1944.0,3255.0,0.812,0.091,0.015,0.576
4072877,2281.0,1118.0,2925.0,0.816,0.073,0.024,0.572
4072893,2023.0,928.0,2031.0,0.82,0.057,0.032,0.568
4072909,1805.0,434.0,1135.0,0.824,0.042,0.042,0.564
4072935,1845.0,208.0,1089.0,0.827,0.029,0.053,0.559
4072951,1553.0,-1206.0,777.0,0.83,0.017,0.066,0.553
4072967,-399.0,-3598.0,-25.0,0.834,0.006,0.081,0.546
4072984,-2165.0,-3888.0,-1233.0,0.838,0.0,0.1,0.537
4073000,-2341.0,-2608.0,-731.0,0.842,0.001,0.12,0.526
4073016,-1615.0,2208.0,1067.0,0.846,0.004,0.139,0.515
4073042,-2435.0,5728.0,371.0,0.847,0.002,0.154,0.509
4073058,-4143.0,1710.0,421.0,0.847,-0.004,0.162,0.507
4073074,-5289.0,-2634.0,237.0,0.846,-0.009,0.166,0.507
4073090,-5001.0,-1818.0,411.0,0.845,-0.007,0.166,0.507
4073106,-4357.0,-92.0,439.0,0.845,-0.002,0.163,0.51
4073122,-3577.0,74.0,377.0,0.843,0.003,0.155,0.515
4073138,-3227.0,-876.0,1221.0,0.84,0.01,0.145,0.522
4073164,-3121.0,-134.0,1965.0,0.838,0.02,0.132,0.53
4073180,-2187.0,552.0,2573.0,0.835,0.032,0.115,0.537
4073196,-867.0,1106.0,2465.0,0.832,0.047,0.095,0.545
4073212,1349.0,968.0,2487.0,0.829,0.061,0.074,0.551
4073228,2825.0,644.0,3117.0,0.825,0.077,0.056,0.557
4073254,3303.0,854.0,3787.0,0.821,0.096,0.039,0.562
4073270,4025.0,1258.0,4533.0,0.816,0.117,0.024,0.566
4073286,4749.0,2610.0,4941.0,0.811,0.14,0.01,0.567
4073302,5011.0,2670.0,5317.0,0.806,0.165,-0.005,0.568
4073318,5075.0,1964.0,5327.0,0.801,0.19,-0.019,0.567
4073334,6029.0,3392.0,4849.0,0.794,0.219,-0.032,0.566
4073360,6099.0,4036.0,5609.0,0.787,0.245,-0.043,0.565
4073376,5891.0,4126.0,5931.0,0.778,0.272,-0.053,0.563
4073393,6429.0,4456.0,5797.0,0.769,0.298,-0.064,0.561
4073409,6993.0,4912.0,5973.0,0.759,0.324,-0.075,0.56
4073425,6651.0,5166.0,6439.0,0.748,0.349,-0.086,0.558
4073441,7365.0,4642.0,6011.0,0.737,0.373,-0.095,0.556
4073457,7893.0,5138.0,5283.0,0.724,0.397,-0.103,0.554
4073483,8077.0,6550.0,6515.0,0.711,0.42,-0.111,0.553
4073499,7959.0,6314.0,6367.0,0.697,0.44,-0.122,0.553
4073515,8125.0,5506.0,5809.0,0.684,0.46,-0.132,0.551
4073531,8773.0,5986.0,5801.0,0.67,0.479,-0.141,0.55
4073547,8697.0,6366.0,5793.0,0.656,0.497,-0.151,0.548
4073563,9039.0,5748.0,5105.0,0.642,0.513,-0.161,0.546
4073589,9147.0,5896.0,5067.0,0.629,0.529,-0.17,0.545
4073605,9247.0,5610.0,4797.0,0.616,0.542,-0.178,0.543
4073621,9137.0,5738.0,4469.0,0.603,0.555,-0.187,0.542
4073637,9117.0,5426.0,4167.0,0.591,0.565,-0.195,0.541
4073653,9621.0,5316.0,3189.0,0.58,0.574,-0.203,0.541
4073679,9451.0,5102.0,3823.0,0.569,0.581,-0.211,0.542
4073695,8427.0,5428.0,5629.0,0.56,0.587,-0.221,0.542
4073711,8749.0,3450.0,4475.0,0.551,0.592,-0.233,0.54
4073727,8979.0,3870.0,4565.0,0.542,0.598,-0.242,0.538
4073743,9505.0,4542.0,5069.0,0.534,0.602,-0.252,0.538
4073759,8629.0,3938.0,5913.0,0.526,0.606,-0.262,0.536
4073785,8975.0,3928.0,6015.0,0.519,0.61,-0.271,0.533
4073801,9101.0,4228.0,5943.0,0.514,0.614,-0.28,0.53
4073817,9381.0,4200.0,5697.0,0.51,0.617,-0.288,0.526
4073833,9955.0,4398.0,5601.0,0.506,0.619,-0.294,0.524
4073849,10077.0,4612.0,5841.0,0.504,0.619,-0.299,0.523
4073865,10125.0,4676.0,5985.0,0.504,0.618,-0.302,0.522
4073891,9901.0,4480.0,6159.0,0.506,0.615,-0.303,0.523
4073907,9909.0,4470.0,6513.0,0.509,0.611,-0.302,0.525
4073923,9991.0,4440.0,6729.0,0.514,0.606,-0.3,0.528
4073939,10331.0,4428.0,7023.0,0.52,0.6,-0.296,0.532
4073955,10833.0,4322.0,7535.0,0.527,0.592,-0.29,0.536
4073971,11593.0,3772.0,9019.0,0.536,0.583,-0.283,0.541
4073997,12037.0,2832.0,9235.0,0.547,0.574,-0.273,0.545
4074013,13295.0,2064.0,8097.0,0.558,0.564,-0.259,0.551
4074029,12221.0,2476.0,7649.0,0.569,0.551,-0.243,0.56
4074045,10789.0,1962.0,8143.0,0.579,0.538,-0.224,0.571
4074061,11033.0,2676.0,7679.0,0.588,0.524,-0.202,0.582
4074077,11231.0,3294.0,6539.0,0.596,0.509,-0.177,0.595
4074103,11277.0,4090.0,5093.0,0.603,0.492,-0.15,0.609
4074119,11155.0,4902.0,4533.0,0.609,0.473,-0.12,0.624
4074135,10121.0,5418.0,6137.0,0.616,0.453,-0.091,0.638
4074152,9273.0,5646.0,5937.0,0.624,0.432,-0.064,0.649
4074168,9465.0,5682.0,5271.0,0.633,0.41,-0.039,0.656
4074184,9033.0,5354.0,4815.0,0.642,0.389,-0.015,0.661
4074200,8597.0,5882.0,4483.0,0.65,0.368,0.007,0.665
4074226,8239.0,6340.0,4203.0,0.659,0.347,0.027,0.667
4074242,6941.0,6332.0,4313.0,0.668,0.325,0.045,0.668
4074258,6257.0,5856.0,3815.0,0.678,0.303,0.06,0.667
4074274,5521.0,5870.0,3779.0,0.687,0.282,0.073,0.666
4074290,4365.0,5684.0,3727.0,0.696,0.259,0.083,0.664
4074317,2947.0,5512.0,4169.0,0.705,0.237,0.091,0.663
4074333,1957.0,5176.0,4401.0,0.713,0.215,0.094,0.66
4074349,1471.0,4614.0,4117.0,0.722,0.194,0.093,0.658
4074365,2541.0,3488.0,3667.0,0.73,0.175,0.091,0.655
4074381,3437.0,2366.0,2777.0,0.737,0.156,0.09,0.651
4074397,3909.0,3430.0,2541.0,0.744,0.138,0.092,0.648
4074413,4305.0,3916.0,2255.0,0.749,0.118,0.094,0.646
4074439,3345.0,2880.0,2449.0,0.752,0.095,0.098,0.645
4074455,2753.0,1704.0,2415.0,0.755,0.073,0.103,0.644
4074471,2501.0,1560.0,2353.0,0.757,0.05,0.109,0.642
4074487,2005.0,1066.0,2011.0,0.758,0.026,0.117,0.641
4074503,2353.0,-376.0,1177.0,0.756,0.003,0.126,0.642
4074529,979.0,-3040.0,-943.0,0.752,-0.02,0.139,0.644
4074545,-535.0,-5040.0,-3857.0,0.747,-0.04,0.156,0.644
4074561,-3923.0,-4754.0,-4241.0,0.739,-0.062,0.175,0.648
4074577,-14401.0,-10362.0,-3837.0,0.725,-0.073,0.186,0.66
4074594,4805.0,4296.0,25403.0,0.731,-0.042,0.207,0.649
4074610,-3385.0,16798.0,-2881.0,0.73,-0.037,0.218,0.647
4074626,-10895.0,6002.0,-269.0,0.728,-0.04,0.2,0.655
4074652,-2643.0,-3042.0,-827.0,0.731,-0.038,0.185,0.656
4074668,-2815.0,-1164.0,-1035.0,0.737,-0.032,0.165,0.655
4074684,1235.0,-744.0,691.0,0.741,-0.023,0.145,0.656
4074700,1319.0,3626.0,1141.0,0.742,-0.016,0.125,0.659
4074716,383.0,162.0,3195.0,0.741,-0.01,0.108,0.662
4074742,665.0,-1258.0,4175.0,0.742,0.002,0.093,0.664
4074758,1383.0,1848.0,4825.0,0.743,0.018,0.082,0.664
4074774,1867.0,3184.0,5543.0,0.742,0.035,0.07,0.665
4074790,1307.0,1312.0,6397.0,0.742,0.053,0.058,0.666
4074806,1059.0,1630.0,6321.0,0.741,0.075,0.044,0.666
4074822,1975.0,2180.0,6241.0,0.741,0.099,0.03,0.664
4074838,2675.0,1878.0,6069.0,0.741,0.122,0.016,0.66
4074864,2937.0,2460.0,6247.0,0.74,0.146,0.002,0.657
4074880,3949.0,2928.0,6859.0,0.738,0.17,-0.012,0.653
4074896,4425.0,2572.0,6869.0,0.736,0.194,-0.026,0.649
4074912,5057.0,2904.0,6873.0,0.733,0.217,-0.04,0.643
4074929,5333.0,3054.0,6843.0,0.73,0.241,-0.054,0.638
4074945,6041.0,3088.0,6725.0,0.726,0.263,-0.066,0.632
4074971,6457.0,3796.0,7087.0,0.721,0.285,-0.078,0.626
4074987,6239.0,3624.0,7719.0,0.716,0.306,-0.091,0.621
4075003,6487.0,3262.0,7929.0,0.71,0.328,-0.105,0.614
4075019,7685.0,3332.0,6871.0,0.704,0.349,-0.118,0.607
4075035,7261.0,3972.0,7213.0,0.697,0.369,-0.13,0.602
4075051,7797.0,3376.0,6907.0,0.689,0.387,-0.142,0.596
4075077,7801.0,3652.0,7271.0,0.681,0.406,-0.152,0.591
4075093,7805.0,3164.0,7011.0,0.672,0.424,-0.163,0.585
4075109,9211.0,4080.0,6439.0,0.662,0.441,-0.173,0.58
4075125,8725.0,4186.0,6673.0,0.653,0.457,-0.182,0.576
4075141,8933.0,3694.0,7067.0,0.644,0.472,-0.192,0.571
4075157,8409.0,3814.0,6231.0,0.634,0.486,-0.201,0.566
4075183,9487.0,3330.0,5403.0,0.624,0.501,-0.209,0.562
4075199,8651.0,4214.0,6077.0,0.614,0.513,-0.217,0.559
4075215,8409.0,2826.0,5991.0,0.605,0.525,-0.225,0.555
4075231,8699.0,3352.0,5457.0,0.596,0.537,-0.233,0.55
4075247,8591.0,3452.0,5201.0,0.586,0.548,-0.24,0.547
4075263,8563.0,3584.0,5331.0,0.577,0.557,-0.246,0.544
4075289,8465.0,3702.0,5565.0,0.568,0.566,-0.254,0.541
4075305,8395.0,2690.0,5553.0,0.56,0.574,-0.261,0.538
4075321,9267.0,3706.0,5309.0,0.552,0.581,-0.268,0.534
4075337,9489.0,3156.0,5469.0,0.546,0.587,-0.273,0.531
4075353,9601.0,3498.0,5959.0,0.54,0.592,-0.278,0.53
4075369,9733.0,2832.0,6251.0,0.535,0.596,-0.28,0.529
4075395,9891.0,3142.0,6455.0,0.531,0.6,-0.281,0.529
4075411,9991.0,4234.0,6633.0,0.528,0.601,-0.28,0.53
4075427,10107.0,3786.0,6539.0,0.526,0.602,-0.279,0.533
4075443,9975.0,4006.0,6879.0,0.525,0.601,-0.276,0.536
4075459,10039.0,2506.0,7457.0,0.526,0.598,-0.271,0.54
4075476,9777.0,3740.0,7397.0,0.53,0.593,-0.266,0.545
4075502,9519.0,4070.0,7591.0,0.534,0.587,-0.259,0.55
4075518,10075.0,4218.0,7521.0,0.54,0.58,-0.25,0.557
4075534,9933.0,4426.0,7743.0,0.547,0.571,-0.241,0.564
4075550,10231.0,4634.0,7913.0,0.554,0.56,-0.23,0.571
4075566,10047.0,4512.0,8017.0,0.563,0.549,-0.218,0.577
4075582,10469.0,5172.0,8183.0,0.573,0.538,-0.207,0.583
4075608,11165.0,4888.0,7679.0,0.584,0.525,-0.195,0.588
4075624,11771.0,5052.0,7225.0,0.595,0.511,-0.182,0.593
4075640,12081.0,4224.0,6699.0,0.607,0.495,-0.167,0.599
4075656,12163.0,5008.0,6271.0,0.619,0.477,-0.15,0.606
4075672,11063.0,4980.0,6349.0,0.63,0.458,-0.131,0.613
4075688,10785.0,5520.0,6345.0,0.642,0.438,-0.112,0.619
4075714,10475.0,4844.0,5863.0,0.654,0.416,-0.093,0.625
4075730,9329.0,4928.0,4681.0,0.665,0.394,-0.074,0.63
4075746,9217.0,4622.0,5347.0,0.675,0.372,-0.055,0.635
4075762,8203.0,4374.0,4593.0,0.685,0.349,-0.035,0.638
4075778,7811.0,4030.0,4143.0,0.694,0.327,-0.015,0.641
4075794,6487.0,4446.0,4537.0,0.702,0.305,0.004,0.644
4075820,5543.0,4272.0,4307.0,0.709,0.285,0.022,0.645
4075836,4957.0,4516.0,4401.0,0.715,0.266,0.038,0.645
4075852,4931.0,4098.0,3773.0,0.722,0.248,0.053,0.644
4075868,5119.0,3260.0,3177.0,0.728,0.229,0.068,0.643
4075884,4325.0,3474.0,3281.0,0.733,0.211,0.084,0.641
4075900,3485.0,3058.0,3089.0,0.738,0.192,0.099,0.639
4075926,3149.0,2674.0,2729.0,0.743,0.175,0.115,0.636
4075942,2101.0,2774.0,2667.0,0.746,0.158,0.129,0.633
4075958,1897.0,1678.0,2745.0,0.75,0.143,0.143,0.63
4075974,559.0,1852.0,2603.0,0.753,0.13,0.157,0.625
4075990,149.0,1908.0,2293.0,0.757,0.119,0.168,0.62
4076016,-527.0,1812.0,2515.0,0.76,0.109,0.178,0.615
4076032,-1295.0,326.0,2031.0,0.764,0.1,0.185,0.61
4076048,-977.0,368.0,1179.0,0.768,0.093,0.193,0.604
4076064,-1207.0,448.0,915.0,0.77,0.087,0.201,0.599
4076080,-1953.0,532.0,635.0,0.773,0.081,0.208,0.594
4076096,-2335.0,158.0,257.0,0.774,0.076,0.214,0.591
4076112,-2855.0,-118.0,383.0,0.774,0.072,0.219,0.589
4076138,-2901.0,134.0,129.0,0.774,0.07,0.223,0.588
4076154,-3465.0,384.0,541.0,0.774,0.07,0.224,0.589
4076170,-3465.0,822.0,595.0,0.773,0.072,0.221,0.59
4076186,-3277.0,722.0,683.0,0.772,0.075,0.216,0.593
4076202,-2751.0,1002.0,905.0,0.771,0.08,0.207,0.597
4076218,-2161.0,720.0,1209.0,0.77,0.086,0.198,0.601
4076244,-1665.0,1302.0,1417.0,0.768,0.094,0.187,0.605
4076261,-1041.0,1730.0,2279.0,0.765,0.104,0.175,0.611
4076277,-613.0,1422.0,2465.0,0.762,0.115,0.162,0.616
4076294,139.0,2058.0,2941.0,0.759,0.129,0.149,0.62
4076310,675.0,2610.0,3595.0,0.756,0.144,0.134,0.625
4076327,485.0,3162.0,4339.0,0.752,0.16,0.118,0.628
4076343,1565.0,2946.0,4351.0,0.749,0.178,0.1,0.631
4076369,2693.0,2670.0,4279.0,0.745,0.197,0.082,0.632
4076385,3137.0,2988.0,4813.0,0.74,0.216,0.065,0.633
4076401,3585.0,3478.0,5247.0,0.736,0.237,0.048,0.632
4076417,4233.0,3328.0,4935.0,0.731,0.258,0.031,0.631
4076433,5333.0,3584.0,4833.0,0.725,0.279,0.015,0.63
4076459,5119.0,3668.0,5255.0,0.718,0.299,0.001,0.628
4076475,5695.0,4126.0,5229.0,0.711,0.32,-0.013,0.627
4076491,6001.0,5142.0,5513.0,0.703,0.339,-0.026,0.625
4076507,5847.0,4554.0,5969.0,0.695,0.357,-0.04,0.622
4076523,6655.0,3866.0,5439.0,0.688,0.376,-0.054,0.619
4076539,7427.0,5004.0,5437.0,0.679,0.395,-0.068,0.615
4076555,7565.0,4672.0,5883.0,0.671,0.412,-0.081,0.611
4076581,7525.0,3872.0,5145.0,0.663,0.431,-0.093,0.606
4076597,8811.0,5338.0,5363.0,0.653,0.45,-0.103,0.601
4076613,7999.0,6202.0,5723.0,0.644,0.465,-0.116,0.596
4076630,8243.0,4046.0,5455.0,0.634,0.48,-0.13,0.591
4076646,8841.0,4268.0,4947.0,0.625,0.496,-0.142,0.586
4076662,9857.0,5270.0,4741.0,0.614,0.512,-0.151,0.581
4076688,9115.0,5636.0,4791.0,0.604,0.526,-0.162,0.577
4076704,9361.0,4816.0,4785.0,0.594,0.538,-0.173,0.573
4076720,8771.0,4604.0,5125.0,0.584,0.551,-0.184,0.567
4076736,9399.0,4044.0,3941.0,0.574,0.564,-0.194,0.561
4076752,10157.0,4944.0,3799.0,0.563,0.577,-0.203,0.556
4076768,9945.0,4646.0,3591.0,0.553,0.587,-0.212,0.552
4076794,9631.0,4270.0,3859.0,0.544,0.597,-0.221,0.547
4076810,9435.0,4054.0,3811.0,0.534,0.607,-0.229,0.542
4076826,10189.0,4460.0,3535.0,0.525,0.616,-0.237,0.538
4076842,10033.0,4520.0,3749.0,0.517,0.623,-0.244,0.534
4076858,9645.0,3788.0,4061.0,0.509,0.63,-0.252,0.529
4076875,9067.0,3890.0,4685.0,0.502,0.636,-0.259,0.525
4076891,9223.0,3980.0,5225.0,0.496,0.643,-0.266,0.52
4076917,8921.0,4358.0,5761.0,0.492,0.648,-0.273,0.513
4076933,9637.0,4892.0,6065.0,0.489,0.652,-0.28,0.507
4076949,9619.0,4212.0,5599.0,0.488,0.654,-0.287,0.502
4076965,10133.0,3250.0,5625.0,0.486,0.655,-0.291,0.5
4076981,10021.0,3268.0,6177.0,0.485,0.653,-0.294,0.501
4076997,10125.0,4180.0,6669.0,0.485,0.651,-0.294,0.504
4077023,10653.0,4396.0,6863.0,0.486,0.646,-0.294,0.509
4077039,10755.0,4490.0,6769.0,0.489,0.64,-0.292,0.515
4077055,10861.0,4212.0,6693.0,0.494,0.632,-0.289,0.522
4077071,11013.0,4574.0,6591.0,0.501,0.623,-0.285,0.529
4077087,11467.0,4534.0,6337.0,0.509,0.612,-0.28,0.537
4077113,11529.0,3506.0,6507.0,0.519,0.599,-0.273,0.545
4077129,12265.0,4506.0,6209.0,0.529,0.586,-0.264,0.554
4077145,12205.0,4178.0,5999.0,0.541,0.571,-0.253,0.564
4077161,12449.0,4024.0,5757.0,0.553,0.554,-0.24,0.574
4077177,12409.0,4180.0,5677.0,0.565,0.537,-0.226,0.584
4077193,12291.0,4266.0,5649.0,0.578,0.518,-0.21,0.594
4077219,11659.0,4278.0,5809.0,0.591,0.499,-0.194,0.603
4077235,11503.0,3914.0,5463.0,0.603,0.48,-0.177,0.612
4077251,10889.0,4156.0,5575.0,0.615,0.462,-0.158,0.62
4077267,11129.0,4152.0,4923.0,0.626,0.443,-0.139,0.627
4077283,10875.0,4364.0,4647.0,0.636,0.422,-0.117,0.635
4077299,10203.0,4430.0,4527.0,0.646,0.4,-0.095,0.643
4077325,9781.0,4266.0,4465.0,0.655,0.377,-0.071,0.651
4077341,8771.0,3734.0,4493.0,0.664,0.355,-0.048,0.657
4077357,8091.0,4086.0,4563.0,0.671,0.333,-0.024,0.662
4077373,7229.0,3868.0,4513.0,0.679,0.312,-0.001,0.665
4077389,6589.0,3508.0,4747.0,0.686,0.293,0.021,0.665
4077405,5831.0,3696.0,4221.0,0.694,0.275,0.042,0.665
4077431,5387.0,3492.0,4083.0,0.7,0.257,0.062,0.663
4077447,4595.0,3284.0,4081.0,0.707,0.24,0.081,0.66
4077463,3537.0,3362.0,3765.0,0.714,0.223,0.099,0.656
4077479,3143.0,3448.0,4051.0,0.721,0.207,0.115,0.651
4077495,2845.0,3234.0,4107.0,0.728,0.191,0.13,0.646
4077511,1363.0,2786.0,4533.0,0.735,0.175,0.141,0.64
4077537,1291.0,2248.0,3401.0,0.742,0.16,0.152,0.633
4077553,947.0,2038.0,2461.0,0.748,0.144,0.161,0.627
4077569,795.0,1302.0,1885.0,0.753,0.13,0.172,0.622
4077585,587.0,1106.0,2231.0,0.756,0.116,0.184,0.617
4077601,-849.0,1490.0,2259.0,0.759,0.103,0.196,0.613
4077617,-873.0,1190.0,1811.0,0.76,0.091,0.207,0.609
4077643,-1303.0,750.0,1561.0,0.762,0.08,0.218,0.605
4077659,-1665.0,974.0,1453.0,0.762,0.07,0.228,0.602
4077676,-1739.0,348.0,793.0,0.762,0.062,0.236,0.599
4077693,-2391.0,694.0,617.0,0.762,0.054,0.245,0.598
4077709,-3167.0,570.0,989.0,0.761,0.047,0.251,0.597
4077725,-3683.0,78.0,635.0,0.76,0.042,0.254,0.596
4077742,-3923.0,92.0,645.0,0.76,0.039,0.256,0.596
4077759,-4389.0,534.0,917.0,0.76,0.04,0.255,0.596
4077785,-4319.0,740.0,933.0,0.761,0.043,0.25,0.597
4077801,-3919.0,632.0,789.0,0.761,0.048,0.243,0.6
4077817,-3183.0,402.0,975.0,0.761,0.055,0.233,0.603
4077833,-2083.0,1338.0,1195.0,0.76,0.063,0.222,0.607
4077849,-2125.0,1342.0,1771.0,0.759,0.073,0.21,0.613
4077865,-1233.0,1434.0,2003.0,0.756,0.084,0.196,0.618
4077891,-507.0,1300.0,2359.0,0.753,0.097,0.181,0.625
4077907,137.0,1578.0,2829.0,0.75,0.11,0.167,0.631
4077923,1205.0,1942.0,2945.0,0.746,0.125,0.152,0.636
4077939,1377.0,2272.0,3881.0,0.741,0.14,0.137,0.642
4077955,2121.0,1950.0,4061.0,0.737,0.157,0.122,0.647
4077971,2765.0,2562.0,4449.0,0.732,0.175,0.107,0.65
4077997,2651.0,3512.0,5119.0,0.727,0.194,0.092,0.652
4078013,2161.0,4206.0,5691.0,0.722,0.215,0.075,0.653
4078029,3545.0,3776.0,5013.0,0.717,0.236,0.056,0.653
4078045,3439.0,3576.0,4451.0,0.713,0.256,0.037,0.652
4078061,5463.0,2270.0,5193.0,0.708,0.277,0.017,0.65
4078087,3923.0,2754.0,6021.0,0.702,0.299,-0.002,0.646
4078103,5395.0,4996.0,5921.0,0.696,0.321,-0.02,0.642
4078119,6615.0,2968.0,3467.0,0.69,0.342,-0.038,0.637
4078135,8459.0,3422.0,3767.0,0.68,0.362,-0.051,0.636
4078151,7471.0,4372.0,5143.0,0.668,0.381,-0.062,0.637
4078167,7411.0,5372.0,5649.0,0.655,0.399,-0.073,0.637
4078183,8901.0,5924.0,5961.0,0.643,0.416,-0.086,0.637
4078209,8461.0,5266.0,6547.0,0.632,0.431,-0.102,0.636
4078226,9059.0,4180.0,6215.0,0.62,0.448,-0.119,0.633
4078242,10205.0,4212.0,5611.0,0.61,0.465,-0.134,0.628
4078258,11181.0,5606.0,5219.0,0.598,0.482,-0.148,0.623
4078274,11237.0,5070.0,5473.0,0.587,0.497,-0.162,0.619
4078290,10101.0,3492.0,5591.0,0.577,0.511,-0.176,0.613
4078316,10653.0,3292.0,5099.0,0.567,0.526,-0.187,0.606
4078332,10919.0,3726.0,4275.0,0.556,0.54,-0.197,0.601
4078348,10615.0,4252.0,5105.0,0.546,0.553,-0.205,0.595
4078364,9895.0,4548.0,5215.0,0.536,0.565,-0.215,0.589
4078380,9491.0,4238.0,5361.0,0.528,0.577,-0.224,0.582
4078396,9495.0,3750.0,4359.0,0.52,0.588,-0.234,0.574
4078422,9893.0,3938.0,3845.0,0.513,0.598,-0.241,0.566
4078438,9899.0,2934.0,3599.0,0.506,0.607,-0.248,0.561
4078454,9697.0,3902.0,4199.0,0.497,0.615,-0.253,0.557
4078470,8939.0,4916.0,5469.0,0.49,0.622,-0.259,0.553
4078486,8695.0,4134.0,5955.0,0.485,0.629,-0.267,0.546
4078512,9483.0,3726.0,5861.0,0.481,0.635,-0.274,0.538
4078528,10045.0,4128.0,5801.0,0.478,0.641,-0.281,0.53
4078544,10485.0,4818.0,6143.0,0.478,0.644,-0.287,0.524
4078560,9985.0,3892.0,6487.0,0.479,0.646,-0.292,0.518
4078576,9735.0,3626.0,6797.0,0.482,0.646,-0.295,0.513
4078592,10213.0,4036.0,6315.0,0.487,0.644,-0.298,0.509
4078608,10325.0,3706.0,5973.0,0.494,0.641,-0.298,0.507
4078634,10597.0,4144.0,6019.0,0.5,0.636,-0.295,0.508
4078650,10187.0,4602.0,6495.0,0.508,0.629,-0.291,0.511
4078666,9897.0,3962.0,6827.0,0.517,0.62,-0.286,0.516
4078682,10227.0,4292.0,6949.0,0.526,0.611,-0.28,0.521
4078698,10235.0,4130.0,6899.0,0.536,0.599,-0.273,0.528
4078714,10617.0,3886.0,6911.0,0.546,0.587,-0.265,0.536
4078740,10413.0,3956.0,7077.0,0.556,0.574,-0.255,0.545
4078756,10717.0,4316.0,7191.0,0.567,0.559,-0.245,0.553
4078772,10627.0,3966.0,7249.0,0.578,0.544,-0.234,0.562
4078788,11157.0,4246.0,6777.0,0.589,0.528,-0.222,0.57
4078804,11221.0,3770.0,6129.0,0.6,0.511,-0.209,0.578
4078830,11255.0,3628.0,6209.0,0.612,0.494,-0.194,0.586
4078846,11075.0,4158.0,6283.0,0.623,0.477,-0.178,0.594
4078862,10585.0,4390.0,6157.0,0.634,0.459,-0.162,0.601
4078878,10287.0,4394.0,5779.0,0.645,0.441,-0.145,0.607
4078894,10233.0,4044.0,5283.0,0.656,0.422,-0.128,0.613
4078910,9861.0,4350.0,4607.0,0.667,0.403,-0.111,0.617
4078936,8815.0,4218.0,4623.0,0.677,0.383,-0.093,0.621
4078952,8325.0,3992.0,4699.0,0.688,0.363,-0.077,0.624
4078968,7715.0,4406.0,4955.0,0.697,0.344,-0.063,0.626
4078984,6475.0,4172.0,5073.0,0.707,0.324,-0.051,0.626
4079000,5683.0,3818.0,4283.0,0.717,0.305,-0.041,0.625
4079016,6109.0,3568.0,3631.0,0.726,0.287,-0.033,0.624
4079042,5625.0,3704.0,3287.0,0.734,0.268,-0.024,0.623
4079058,5239.0,2396.0,3087.0,0.742,0.248,-0.016,0.622
4079074,4509.0,2062.0,3679.0,0.75,0.228,-0.007,0.62
4079090,4033.0,2280.0,3675.0,0.757,0.211,0.003,0.618
4079106,3647.0,2236.0,3259.0,0.764,0.194,0.012,0.615
4079122,3211.0,2578.0,3299.0,0.77,0.177,0.021,0.613
4079148,2761.0,1962.0,3339.0,0.775,0.161,0.03,0.61
4079164,2301.0,2052.0,2711.0,0.78,0.145,0.04,0.608
4079180,2293.0,2104.0,2079.0,0.783,0.13,0.052,0.605
4079196,2993.0,4144.0,2219.0,0.786,0.111,0.066,0.604
4079212,709.0,2484.0,981.0,0.788,0.089,0.077,0.605
4079229,469.0,2222.0,1609.0,0.789,0.066,0.089,0.605
4079245,-7715.0,-8826.0,-4741.0,0.79,0.04,0.099,0.604
4079272,-4179.0,-3890.0,-2491.0,0.794,0.032,0.111,0.596
4079288,-3063.0,-970.0,-817.0,0.798,0.037,0.126,0.588
4079304,-4019.0,-808.0,141.0,0.803,0.049,0.141,0.577
4079320,-2349.0,92.0,925.0,0.806,0.068,0.149,0.569
4079336,229.0,3374.0,3493.0,0.809,0.082,0.158,0.56
4079352,-743.0,5810.0,1697.0,0.812,0.089,0.164,0.552
4079378,-2247.0,2422.0,21.0,0.812,0.094,0.164,0.552
4079394,-2557.0,1924.0,4589.0,0.812,0.103,0.162,0.552
4079410,-2581.0,4554.0,4123.0,0.812,0.114,0.154,0.552
4079426,-1137.0,3052.0,2479.0,0.812,0.122,0.141,0.553
4079442,-227.0,1626.0,2553.0,0.811,0.131,0.128,0.556
4079468,-403.0,1746.0,3039.0,0.809,0.141,0.115,0.559
4079484,-449.0,1726.0,4157.0,0.807,0.153,0.101,0.562
4079500,205.0,1100.0,4793.0,0.804,0.169,0.087,0.564
4079516,1599.0,1938.0,4665.0,0.801,0.188,0.072,0.564
4079532,3047.0,2380.0,4153.0,0.796,0.208,0.059,0.565
4079548,3413.0,2768.0,4579.0,0.791,0.23,0.047,0.565
4079564,4025.0,3646.0,5383.0,0.785,0.252,0.036,0.565
4079590,4151.0,4140.0,5533.0,0.779,0.274,0.025,0.564
4079606,4293.0,4230.0,5583.0,0.772,0.295,0.015,0.563
4079622,4533.0,4638.0,5563.0,0.765,0.316,0.005,0.561
4079638,4603.0,5070.0,6029.0,0.758,0.335,-0.005,0.56
4079654,4407.0,4858.0,5387.0,0.75,0.355,-0.015,0.558
4079680,5659.0,5112.0,5019.0,0.742,0.373,-0.024,0.557
4079696,5621.0,5642.0,4951.0,0.733,0.39,-0.033,0.556
4079712,5929.0,6048.0,5545.0,0.724,0.406,-0.042,0.555
4079728,5221.0,5928.0,5637.0,0.716,0.42,-0.053,0.554
4079745,5981.0,4894.0,4357.0,0.708,0.435,-0.065,0.553
4079761,6927.0,5428.0,3711.0,0.699,0.449,-0.074,0.552
4079782,6827.0,6324.0,4747.0,0.688,0.463,-0.083,0.552
4079798,6571.0,6444.0,5275.0,0.679,0.475,-0.094,0.551
4079814,6913.0,5474.0,4881.0,0.671,0.487,-0.108,0.548
4079830,7843.0,5208.0,4561.0,0.663,0.5,-0.121,0.544
4079856,8755.0,5196.0,4575.0,0.655,0.512,-0.134,0.539
4079872,8781.0,6436.0,5277.0,0.647,0.525,-0.147,0.534
4079888,8303.0,6038.0,6331.0,0.639,0.536,-0.162,0.527
4079904,8727.0,5436.0,5425.0,0.633,0.548,-0.176,0.518
4079920,9047.0,5192.0,4773.0,0.626,0.56,-0.188,0.509
4079936,9049.0,5308.0,4443.0,0.619,0.572,-0.198,0.501
4079962,9387.0,5634.0,4163.0,0.612,0.582,-0.206,0.495
4079978,8655.0,5998.0,4751.0,0.605,0.59,-0.214,0.49
4079994,8403.0,5604.0,4727.0,0.599,0.597,-0.223,0.484
4080010,7905.0,4808.0,4895.0,0.594,0.604,-0.231,0.479
4080026,7775.0,4364.0,5065.0,0.589,0.61,-0.239,0.473
4080042,8119.0,4670.0,5247.0,0.583,0.617,-0.247,0.468
4080068,8051.0,4766.0,5471.0,0.578,0.623,-0.255,0.462
4080084,8083.0,4788.0,5699.0,0.573,0.628,-0.264,0.456
4080100,8707.0,3886.0,6309.0,0.568,0.633,-0.272,0.45
4080116,8795.0,2912.0,6863.0,0.562,0.639,-0.277,0.446
4080132,9167.0,3526.0,7097.0,0.555,0.645,-0.28,0.445
4080158,9487.0,4414.0,6553.0,0.547,0.652,-0.28,0.445
4080174,9679.0,5818.0,5991.0,0.54,0.656,-0.278,0.447
4080190,9761.0,7018.0,5871.0,0.536,0.659,-0.275,0.45
4080206,10211.0,7254.0,5873.0,0.535,0.658,-0.272,0.455
4080222,9963.0,6884.0,5957.0,0.537,0.655,-0.267,0.46
4080238,10051.0,6300.0,6249.0,0.542,0.649,-0.261,0.466
4080254,9881.0,6896.0,6253.0,0.549,0.641,-0.254,0.472
4080280,10081.0,6686.0,6075.0,0.559,0.632,-0.245,0.478
4080296,10291.0,6584.0,6165.0,0.571,0.62,-0.236,0.484
4080312,10687.0,6174.0,5807.0,0.584,0.606,-0.226,0.49
4080328,10905.0,6034.0,5657.0,0.599,0.591,-0.215,0.496
4080344,10981.0,5876.0,5401.0,0.614,0.574,-0.203,0.503
4080370,10923.0,5978.0,5391.0,0.63,0.555,-0.19,0.509
4080386,11079.0,5454.0,4979.0,0.647,0.534,-0.176,0.515
4080402,10627.0,5596.0,5111.0,0.664,0.512,-0.162,0.521
4080418,10653.0,5364.0,4595.0,0.68,0.489,-0.146,0.526
4080434,10241.0,5348.0,4647.0,0.695,0.466,-0.13,0.533
4080450,9621.0,5354.0,4799.0,0.709,0.441,-0.113,0.539
4080476,9015.0,5240.0,4745.0,0.722,0.416,-0.097,0.545
4080492,8211.0,4992.0,4763.0,0.734,0.391,-0.081,0.549
4080508,7257.0,4910.0,5293.0,0.745,0.367,-0.065,0.553
4080524,6981.0,4688.0,4991.0,0.755,0.343,-0.051,0.556
4080540,6161.0,4608.0,5079.0,0.765,0.321,-0.038,0.557
4080556,5921.0,3918.0,4505.0,0.774,0.299,-0.026,0.558
4080582,5859.0,3888.0,3957.0,0.781,0.279,-0.013,0.558
4080598,5009.0,4172.0,4245.0,0.788,0.26,-0.0,0.559
4080614,4049.0,3842.0,4245.0,0.794,0.24,0.012,0.559
4080630,3995.0,3628.0,4145.0,0.799,0.221,0.024,0.558
4080646,2955.0,3276.0,4239.0,0.804,0.202,0.034,0.558
4080662,2813.0,2856.0,4061.0,0.809,0.184,0.044,0.557
4080688,2581.0,2712.0,3785.0,0.813,0.167,0.054,0.555
4080704,2133.0,2488.0,3441.0,0.816,0.15,0.064,0.555
4080720,2055.0,1942.0,2937.0,0.818,0.134,0.075,0.555
4080736,1723.0,1420.0,1969.0,0.818,0.119,0.087,0.556
4080752,1233.0,1926.0,2447.0,0.818,0.105,0.101,0.557
4080768,1347.0,2896.0,1995.0,0.816,0.089,0.116,0.56
4080794,1031.0,4346.0,2405.0,0.812,0.065,0.13,0.566
4080810,-1843.0,590.0,697.0,0.806,0.038,0.144,0.572
4080826,-3481.0,-3896.0,-685.0,0.802,0.018,0.157,0.575
4080842,-4251.0,-4764.0,-1775.0,0.801,0.014,0.174,0.572
4080858,-4333.0,-3788.0,-1723.0,0.803,0.025,0.193,0.563
4080874,-7195.0,496.0,-1937.0,0.806,0.046,0.209,0.552
4080900,-2305.0,992.0,447.0,0.809,0.067,0.216,0.542
4080916,6329.0,2254.0,10133.0,0.808,0.082,0.229,0.536
4080932,-3513.0,9892.0,699.0,0.81,0.087,0.234,0.531
4080948,-2231.0,8396.0,417.0,0.81,0.086,0.23,0.532
4080964,65.0,870.0,2659.0,0.809,0.084,0.219,0.538
4080980,-4365.0,-104.0,2667.0,0.809,0.087,0.208,0.543
4081007,-1915.0,978.0,2737.0,0.81,0.095,0.195,0.545
4081023,-751.0,2278.0,2893.0,0.81,0.105,0.182,0.547
4081039,-253.0,3256.0,3433.0,0.809,0.116,0.168,0.551
4081055,-527.0,1452.0,4041.0,0.807,0.129,0.153,0.555
4081071,-429.0,2302.0,4729.0,0.805,0.148,0.137,0.558
4081087,1013.0,2660.0,3751.0,0.803,0.166,0.119,0.56
4081113,2443.0,1472.0,3719.0,0.799,0.186,0.103,0.562
4081129,3195.0,3052.0,3999.0,0.795,0.209,0.088,0.563
4081145,4207.0,3806.0,4277.0,0.789,0.232,0.075,0.564
4081161,3681.0,4220.0,5749.0,0.782,0.255,0.062,0.566
4081177,3485.0,4104.0,5841.0,0.775,0.279,0.048,0.565
4081203,4301.0,4144.0,4729.0,0.767,0.303,0.033,0.564
4081219,4647.0,4722.0,5167.0,0.759,0.327,0.02,0.563
4081235,4681.0,5048.0,5831.0,0.749,0.35,0.007,0.562
4081251,4973.0,5332.0,5137.0,0.739,0.373,-0.006,0.56
4081267,6151.0,5588.0,4673.0,0.729,0.395,-0.02,0.559
4081283,6449.0,6246.0,4979.0,0.717,0.417,-0.033,0.558
4081309,5865.0,6612.0,6023.0,0.706,0.437,-0.048,0.556
4081325,6553.0,6110.0,5601.0,0.694,0.456,-0.064,0.553
4081341,6985.0,5570.0,5083.0,0.683,0.475,-0.082,0.549
4081357,7657.0,5954.0,5553.0,0.671,0.494,-0.099,0.544
4081373,8285.0,5622.0,5053.0,0.658,0.513,-0.116,0.539
4081389,8753.0,5774.0,4889.0,0.646,0.53,-0.132,0.534
4081405,9467.0,5910.0,4547.0,0.632,0.546,-0.147,0.529
4081431,9363.0,6374.0,5101.0,0.62,0.561,-0.162,0.525
4081447,9229.0,5920.0,4825.0,0.608,0.573,-0.177,0.52
4081463,9465.0,5332.0,4279.0,0.597,0.585,-0.191,0.515
4081479,9593.0,5624.0,4653.0,0.585,0.596,-0.204,0.511
4081495,9505.0,5728.0,5077.0,0.574,0.605,-0.217,0.507
4081511,9779.0,5142.0,4671.0,0.565,0.613,-0.229,0.503
4081537,10063.0,5186.0,4551.0,0.556,0.62,-0.241,0.498
4081553,10209.0,5142.0,5003.0,0.548,0.626,-0.252,0.494
4081569,10355.0,4974.0,5163.0,0.541,0.631,-0.263,0.49
4081585,10367.0,4978.0,5027.0,0.536,0.635,-0.272,0.486
4081601,9505.0,5092.0,6027.0,0.532,0.636,-0.281,0.482
4081627,9351.0,4740.0,6207.0,0.531,0.638,-0.289,0.478
4081643,9209.0,4804.0,6249.0,0.531,0.639,-0.295,0.473
4081662,8973.0,4912.0,6441.0,0.532,0.638,-0.3,0.469
4081678,8871.0,4834.0,6409.0,0.534,0.637,-0.304,0.465
4081694,9191.0,4778.0,6073.0,0.538,0.634,-0.307,0.464
4081710,9343.0,4938.0,6321.0,0.543,0.629,-0.308,0.464
4081726,9633.0,4986.0,6473.0,0.549,0.622,-0.307,0.466
4081742,9933.0,4708.0,6567.0,0.557,0.614,-0.305,0.469
4081768,9931.0,4296.0,6641.0,0.566,0.605,-0.3,0.473
4081784,10197.0,4270.0,7017.0,0.576,0.594,-0.294,0.479
4081800,9981.0,4086.0,7287.0,0.586,0.583,-0.286,0.485
4081816,10159.0,4444.0,7529.0,0.597,0.571,-0.276,0.491
4081832,10705.0,4380.0,6897.0,0.607,0.56,-0.264,0.498
4081848,11183.0,4960.0,7165.0,0.618,0.548,-0.249,0.506
4081874,11397.0,5148.0,6823.0,0.628,0.535,-0.233,0.515
4081890,11211.0,5270.0,6639.0,0.64,0.52,-0.216,0.523
4081906,10887.0,5406.0,6783.0,0.651,0.505,-0.196,0.531
4081922,10421.0,5230.0,6831.0,0.662,0.49,-0.176,0.539
4081938,10497.0,5596.0,6143.0,0.673,0.475,-0.155,0.546
4081964,9965.0,5740.0,6227.0,0.684,0.459,-0.133,0.552
4081980,9691.0,5754.0,5863.0,0.695,0.442,-0.112,0.556
4081996,9491.0,5820.0,4965.0,0.707,0.425,-0.09,0.559
4082012,8839.0,5712.0,4971.0,0.718,0.407,-0.068,0.561
4082028,8013.0,5652.0,4909.0,0.728,0.388,-0.046,0.563
4082044,7517.0,5698.0,4723.0,0.739,0.368,-0.025,0.564
4082070,6669.0,5468.0,4743.0,0.749,0.348,-0.005,0.563
4082086,5339.0,5492.0,3329.0,0.759,0.328,0.012,0.562
4082102,5361.0,4562.0,3719.0,0.768,0.308,0.027,0.56
4082118,4611.0,4440.0,3545.0,0.777,0.288,0.043,0.558
4082134,4007.0,4610.0,3623.0,0.785,0.268,0.057,0.555
4082150,3051.0,4540.0,4143.0,0.793,0.249,0.069,0.552
4082176,2555.0,4490.0,4043.0,0.799,0.231,0.078,0.55
4082192,2121.0,4056.0,3917.0,0.805,0.214,0.084,0.547
4082208,2339.0,3320.0,3101.0,0.81,0.197,0.089,0.545
4082224,2375.0,2874.0,2769.0,0.815,0.18,0.095,0.542
4082240,2143.0,2854.0,2947.0,0.82,0.163,0.101,0.54
4082256,1221.0,2728.0,3139.0,0.824,0.146,0.107,0.536
4082272,1251.0,2208.0,2689.0,0.829,0.13,0.113,0.533
4082298,1109.0,1670.0,1489.0,0.833,0.114,0.12,0.529
4082314,861.0,932.0,845.0,0.836,0.098,0.129,0.524
4082330,471.0,-1018.0,451.0,0.839,0.082,0.14,0.519
4082346,-771.0,-1800.0,1351.0,0.841,0.071,0.153,0.514
4082362,-2879.0,-388.0,1359.0,0.844,0.065,0.166,0.506
4082388,-2779.0,1644.0,1207.0,0.847,0.06,0.175,0.499
4082404,-2501.0,1746.0,501.0,0.848,0.053,0.182,0.494
4082420,-2553.0,286.0,71.0,0.849,0.047,0.187,0.492
4082436,-2887.0,-864.0,3121.0,0.849,0.042,0.191,0.491
4082452,-3901.0,-754.0,1219.0,0.849,0.04,0.192,0.491
4082468,-4071.0,-280.0,1289.0,0.849,0.042,0.19,0.492
4082494,-3661.0,-426.0,1413.0,0.849,0.046,0.184,0.493
4082510,-3129.0,168.0,1479.0,0.849,0.053,0.175,0.495
4082526,-2187.0,416.0,1829.0,0.849,0.061,0.164,0.498
4082542,-2085.0,648.0,2431.0,0.849,0.071,0.152,0.501
4082558,-1581.0,1194.0,2931.0,0.849,0.083,0.137,0.504
4082574,-377.0,1122.0,3331.0,0.848,0.096,0.12,0.507
4082600,431.0,1042.0,3629.0,0.847,0.111,0.102,0.509
4082616,1657.0,1028.0,3573.0,0.846,0.129,0.086,0.51
4082632,2463.0,1238.0,3995.0,0.843,0.15,0.071,0.511
4082648,2495.0,2424.0,4271.0,0.84,0.172,0.057,0.511
4082664,3061.0,2472.0,4429.0,0.836,0.196,0.044,0.511
4082680,3627.0,3396.0,4855.0,0.83,0.221,0.032,0.511
4082706,3709.0,3868.0,5085.0,0.824,0.247,0.02,0.51
4082722,4255.0,4060.0,5241.0,0.816,0.274,0.008,0.509
4082738,4729.0,4846.0,5217.0,0.807,0.301,-0.004,0.508
4082754,5477.0,4744.0,4981.0,0.798,0.327,-0.016,0.507
4082770,5587.0,5336.0,5271.0,0.787,0.352,-0.027,0.505
4082796,6015.0,5292.0,4843.0,0.776,0.377,-0.038,0.504
4082813,6469.0,6474.0,5105.0,0.764,0.402,-0.049,0.503
4082829,6567.0,6764.0,5583.0,0.751,0.424,-0.06,0.502
4082845,6457.0,6680.0,5629.0,0.739,0.446,-0.074,0.5
4082862,6925.0,6042.0,4745.0,0.726,0.466,-0.088,0.497
4082878,7953.0,6518.0,4611.0,0.713,0.486,-0.101,0.495
4082894,7233.0,6386.0,5107.0,0.699,0.505,-0.114,0.493
4082910,7191.0,6416.0,4845.0,0.685,0.523,-0.127,0.491
4082927,8371.0,6346.0,4825.0,0.671,0.54,-0.141,0.488
4082953,8597.0,6714.0,4883.0,0.657,0.556,-0.155,0.486
4082969,9435.0,6302.0,4973.0,0.642,0.57,-0.168,0.484
4082985,8777.0,6760.0,5063.0,0.628,0.583,-0.18,0.483
4083001,9469.0,6522.0,4897.0,0.614,0.595,-0.191,0.482
4083017,9499.0,6952.0,4707.0,0.601,0.606,-0.2,0.482
4083033,10205.0,6948.0,4759.0,0.588,0.615,-0.207,0.484
4083059,9943.0,7022.0,5183.0,0.576,0.622,-0.215,0.485
4083075,9531.0,6068.0,4745.0,0.566,0.629,-0.222,0.485
